2.3878540039171847 0.5659338457469404 2.5980599546673524 45.30127562666672 8.693838606979785 10465.95302404376
1.737452217298423 0.6690283125002433 2.76561365910548 26.769688366787847 8.34758561942355 5438.918757574372
1.9445837942622315 0.544121339011231 3.0970479183964104 38.88787494069769 10.13589608414872 10555.989961209356
1.7635342325066177 0.5270770732668478 2.77024654764308 23.26479327951992 8.306045130647608 8905.000182658669
2.071450715878218 0.636881808384944 3.062974403138998 42.029568066115495 9.771724050303675 9497.131637378185
2.25379246166088 0.5613132816915986 2.443593342506517 12.660046696672111 4.4804824327324875 5984.600035404828
2.1877365640332425 0.5857847715103972 2.4542786994621517 12.959714926485239 4.782056722745614 6290.129564346272
2.1352889308353706 0.5753228120516499 2.3761522773649033 14.282858506879158 4.971877355879863 5835.6642122487565
2.8301075075386932 0.8522727272727273 2.4574442382573567 30.442481499831334 5.670942737854757 6620.344935072313
2.172594582044967 0.45390713895852797 2.6384515286515002 49.05434560944271 9.247483263394388 9694.520224030646
2.1606342343408853 0.5328947368421053 2.7556946189556406 54.31713269866395 9.461815590666433 9148.992675938453
2.0171578931102965 0.46483441852954727 2.69442662934336 26.85007478651482 7.369096234101179 8243.434054715544
1.6812768089977834 0.5938109986206178 2.536821777597272 31.29430827502865 8.48464312665923 6129.820552307083
2.1332763120426135 0.47667124564116853 2.885089931971961 51.776400248110875 9.506530518071573 9136.202321215076
1.6573675677460413 0.4627797906154838 2.8928004911389484 42.34369109346057 10.902370172668471 13899.253851306159
1.561928490898483 0.33469346758904694 2.8238808900075325 38.98770183502252 11.204000490814078 16235.392638958052
1.6384432506136875 0.39578292225502437 2.6982766380760306 43.831800287984926 10.849015227089895 16885.74317621601
1.5932284752778836 0.3952696329100098 2.820900319210324 45.69552689791798 11.053920772677701 15116.156549844769
2.132041848287437 0.375 2.4879166212993526 77.96656010032439 11.579877247409016 72602.12637071846
1.8628065318813187 0.4027617815034255 2.6755317283022264 49.73197886194999 10.288259974865655 14170.593491668587
1.6720826508675828 0.3767089136005751 2.8964937906914696 36.294377020135066 10.864910212035666 13835.385236529257
1.8080443015170138 0.4966488218184884 2.998491641956111 41.46983252145398 10.461472528084714 11442.657576772817
1.8024086067527814 0.4435480628777422 2.8178788458880346 44.60499011802267 10.39660539673026 13359.768894791327
1.6847040002059361 0.5474724881452984 2.4603239970843687 34.66043216990546 8.544194742370962 6604.1850553591075
2.3288352953575373 0.5625 2.7987462013164888 71.932163283699 10.938930304350025 15334.64233581317
1.7747799966795414 0.37893692368227466 2.770374062052082 43.45618251815321 10.420639125776734 13673.93119681178
1.775144621512909 0.37919463087248323 2.676555581925306 45.37162033979634 10.39214386176398 15657.474239179568
1.7177710775047286 0.4640138451698667 2.944372172573262 43.807066049934214 10.77873457559713 13064.00778106763
1.7102673916118052 0.4673186873023519 2.956435359992893 46.592889002868574 10.788691088127436 12903.75105857008
1.6826832038551431 0.38183552803485593 2.6979004259073527 49.133237723528424 10.668875632877956 16221.350217037296
1.930770788851428 0.6940703280578556 2.9635166162839286 45.19171141907056 10.219948726863242 11871.585925145675
1.5597957013334718 0.41013956915016986 2.828345710975275 40.36249276076214 11.284936720632956 15545.564514884332
1.54316787026413 0.33715793395530613 2.594791522500743 49.07425886893821 11.130278094005943 19508.5974072402
1.5926370398719332 0.29601831350621083 2.484584740776411 49.63238539309006 10.89135998105914 19353.324436735536
1.8953661272665718 0.5009821676679986 2.811310149267613 36.78659540013064 10.059641789157968 11971.327128716553
1.5705787867474155 0.3659574468085106 2.5394667191263762 54.10961813334091 11.059437618069236 18459.331593956842
1.7527962883658916 0.3085955527982266 2.642505331232798 62.61599292879628 12.729354514685493 60345.658184566906
1.7897734976245758 0.325 2.685722344443327 57.39190234153799 12.519459620882701 59630.255533490956
1.7501006016994365 0.3008849557522124 2.6297802828561614 60.47934683465073 12.672763837233814 67028.68898520494
1.8019676886444196 0.41106719367588934 2.7730909305557625 62.873122579171614 12.667884782695712 38781.942833408924
2.510604188489662 0.5503583029986452 2.6260001652480534 43.44829223344939 8.28031971126635 9926.907393056908
2.5126415012116765 0.5651211872300455 2.6056477714752413 43.81084372452355 8.34996919508998 11081.27713822938
2.7414298776198027 0.68 2.646155386379815 45.581780691190794 7.94734493254889 9725.330399960632
2.7160821149362264 0.75 2.6049717073778482 47.15451340392446 7.949929550204084 9445.309185082848
1.9188331885606522 0.4008376801343825 2.780886506775784 42.71708528743015 10.028352333417592 13222.139890674902
2.10023084132415 0.625 2.8141452485196368 69.09094376299974 11.864658045115497 25034.802066403015
1.6947096687480738 0.3579594765435473 2.992323466308613 34.45848613908282 10.763111325840118 12941.987798952905
1.8815963009982852 0.42563870676011756 2.7748793092935014 47.571600585152915 10.046542245394075 12465.594815767
1.7507811771008392 0.38030092201256227 2.865905950992969 36.945476231302194 10.497320355705066 12565.479782253142
1.6479026252361029 0.37315005809921004 2.9333359492883404 66.57323232340215 13.408895938421873 28103.92475644875
1.3938156402604185 0.4004708153000351 2.774313184294703 44.48447103958392 11.911563100864356 19390.516612674815
1.6446574524841786 0.30906293334346446 2.7945441373475406 64.54194887621384 13.251955202908293 34122.74203619341
1.2953226067984571 0.26952474572190904 2.656621169319332 47.01777903830639 12.242532512130134 24556.356248065218
1.667778246797474 0.5989754282992882 3.1195719989472677 74.85200208239227 14.09392773053914 25645.03798981768
1.7802747180161365 0.6692414696015057 3.1532868734215995 74.40609047441494 13.793993740876644 23089.808012134417
2.127670891035552 0.43023255813953487 2.5937941303810974 68.32470206221002 11.646388166086039 50125.68165034083
1.7288709406483993 0.44627040973505855 2.5612428335489974 49.21163213544919 11.181228934266569 17425.69359300116
2.1076167134426886 0.46938775510204084 2.6011250551070337 70.56169358372047 12.043846534257293 38418.74870796046
1.5795844891511883 0.3128875231154139 2.6130542987813006 67.34766364217387 13.967061109977752 154980.18308673182
1.6617518181494517 0.35133996937212864 2.681949698322909 68.00703496890634 13.67031739142386 68467.25681505093
1.5411506228968308 0.3101361573373676 2.579668212075121 66.738460375387 13.962391484259296 120893.95614907013
1.4368984514723935 0.23888498477395176 2.585310660327366 64.7025404336861 14.413510298811293 128928.5462302533
1.5168900558999114 0.33638443935926776 2.522242442794183 73.5817885062892 14.265714722419586 110610.15634642912
1.4699738626543242 0.28837508028259473 2.5817874718295726 70.76272867804187 14.377310979430305 97095.77261651176
1.6471685477904665 0.39316873756118553 2.531967831328162 44.74306411552801 11.222090555387293 18373.825978364403
1.7346738286045154 0.3665561468301259 2.5504551859188864 72.06649432088813 13.253340402377527 34862.92002498369
1.8772629432554793 0.379437223412842 2.536530701920471 72.72373233975412 12.757719328860126 63498.65869130402
1.628935046795847 0.42420591400340857 2.5941950868828973 46.71146616584054 11.338217325013561 18274.191075860363
1.6033147192279895 0.3125 2.5479192319858366 71.90367262402721 13.636405539874398 53352.5231202423
1.531245094143223 0.2606868834490318 2.542920280331512 73.99141495715368 13.939422616167683 68457.87911040727
1.5246051145247173 0.25938009787928223 2.4639885408098072 80.18887865205626 13.922385380238449 147372.24281058655
1.4121210657998287 0.3069014794024818 2.548604791865733 49.55088652701348 11.87098821033439 22316.638699614774
1.3940563620850828 0.27159050475270674 2.469597120305406 51.85918043409178 11.916865543064667 23608.783475139295
1.7752573953709367 0.5 2.6403304223186086 79.34293602009357 13.007230435765868 19549.154741563998
1.562248325729404 0.3015699341854412 2.498926688121857 82.15378751821562 13.81635576990582 108876.81609908448
2.3887410664610798 0.5096790041921545 2.5034109659733836 46.25608491150876 9.191377993461092 13189.328018741078
2.3468401544139965 0.5008084727948905 2.4921231234049857 47.099398556487714 9.248401947136813 13976.199255952894
2.877620037346959 0.8 2.521016057881051 81.27989192711203 10.269999607357782 21088.088878342453
1.5949244883085043 0.4014041741687353 2.522044893605558 50.310572074967524 11.452749365592043 19525.000805038177
2.476375193582389 0.5030042420146045 2.5420989226916726 77.80189867782312 11.215393264216841 56007.700900103395
2.594765630211145 0.5263073979591837 2.62816306375288 71.75831868775396 10.722053546264736 30540.746083035276
2.6743816073192663 0.75 2.587056680045711 78.95295318413665 10.846093647205832 22793.607511720587
1.6278816565791676 0.36219542843116054 2.6660568398298854 37.37618927573316 11.06048223629279 18057.98370020047
1.8079040228941485 0.3607262079062958 2.7453841394326974 55.5445516068415 12.80168549929294 47913.3995093494
1.612730595388095 0.3275297132446663 2.7140107327011482 61.11410870778927 13.681525314078211 63485.91975901988
2.714527009865062 0.5750439975331297 2.57659297291231 44.512906405608696 7.8672197615378066 10962.490861987104
2.7270224006084396 0.5842349304482226 2.5903231428158935 46.126193417314 8.075603019848582 10601.833027180865
1.4192889621645333 0.26441640479190925 2.490316548391224 45.43522475754691 11.732390508057204 23075.14759286011
1.4764789141714185 0.29385964912280704 2.4927286485914024 45.774876311489486 11.368096530786 21739.28522604041
1.6260466989545197 0.40919908177663583 2.503038404171796 51.62180381675644 11.322336205042504 18637.022846545726
1.5212847672388345 0.3273208605804374 2.4719649410527866 49.695836435852 11.354583633282052 19341.658555773123
1.4896216884583997 0.30628763134746645 2.498879894728563 48.358997122638634 11.525755578363428 21196.89371866293
1.5851774667526957 0.3460341762149348 2.4998247812151098 46.72143116202291 11.180437556017651 20117.927623911335
1.6156733713549147 0.34269685759583723 2.549757938204984 45.59704536873308 11.133927944701512 18117.213601277308
1.5883854303126181 0.3284518696111487 2.5046894447225787 48.045907874418674 11.146626547785255 19382.042338331867
1.704963733953992 0.42116630669546434 2.5158114621723406 50.698697208063074 10.736542689371388 17839.93734110691
1.5974686368172724 0.32126978245911186 2.49356607095365 48.64244526859524 11.166850055002081 18923.405438249876
1.6048475867838092 0.3958333333333333 2.738609996665861 76.40541933509179 13.828846487077945 35709.312358500414
2.3991868961263254 0.5732480620155038 2.586925866995073 44.24313969989806 8.741458901543748 13019.498347962322
1.3767163716348993 0.33027250359779026 2.71920574881059 41.45061541826619 11.98256438734952 19909.77351039338
1.682888685795808 0.38997248325001366 2.7566755821845392 62.1584584327641 13.177521485855154 60936.92182106299
1.7457858867641172 0.4042387113560565 2.768574868796919 58.17958328118102 12.974329478807011 44643.759763372276
2.0395070652686123 0.5041035897789579 2.637294494022127 45.41922341246544 10.223913132465999 14102.430248255938
2.306260980941385 0.538951763987068 2.6367521195093797 45.31765280630146 9.474240094234652 12477.88692787709
1.7146994979856625 0.553200098914192 2.754251921782445 43.88619304008839 11.25140938556784 16040.840427732139
1.981903828939561 0.6417015346925933 2.9620820991875343 41.159970610265816 10.524887438103947 11741.902854412592
1.6982147647883294 0.5152772367813176 2.6205899773299435 47.18581162305204 11.22041202812241 17249.568307290978
2.3284193149355037 0.5689655172413793 2.818844921120123 69.33509786927112 11.093631809923195 17733.29949333676
2.712025920527084 0.75 2.7450664652223087 62.357345984837416 9.8011882704394 13103.190647042147
2.2579355808376818 0.5619933441419916 2.643380777396944 42.68552487589421 9.12233489565547 12587.440258524606
2.6020780325898607 0.6666666666666666 2.749526639442616 72.42262311799016 10.772535708420424 16087.155192489925
1.3963080824928442 0.3202816676569969 2.579789965418598 49.115031264694565 11.674951357586096 22016.697037384973
1.34218006648291 0.24580412152113873 2.485296764678827 49.22343870536234 11.940141769454115 24088.55839949612
2.6791639856979272 0.6410835214446953 2.6172556369671933 46.9986744975738 8.802850385847668 11408.410846048608
2.120325288609549 0.585544105212929 2.8231415217335143 40.15518550393856 9.775592088841048 12648.483210624267
2.246883450927046 0.6001831641608791 2.7462948964054896 42.260648637736004 9.57440892170397 12312.930607010017
2.3639778945899637 0.6175635515980423 2.735919858761581 41.84786540548093 9.180755874420557 11691.154918828117
2.3045665007834013 0.6877418308602935 2.878545351957567 35.8184161643645 9.407090317212921 9675.85579726104
2.889730955567328 0.6914335718973654 2.7538514652898107 71.34061386468579 10.019946839076027 14892.916103134678
2.289513803557595 0.6439906618679043 2.831422094471729 36.25121971752117 9.294740848450633 9945.334781517118
2.0929249969965946 0.5043976507663659 2.8010394299812362 63.297291034784244 11.80894541165584 31569.792888933833
2.5471022348010424 0.75 3.1319821453841836 29.36662593980833 9.051993152423329 8061.979579639501
1.4648645065394956 0.375 2.6566316793667206 76.74121014013855 14.264745417522741 55141.24310159224
1.4792289274740833 0.4375 2.575314464401335 85.47719999300725 14.389232614993182 97463.93005067525
1.4827819303822933 0.325198625489724 2.698348641160834 78.49012764691163 14.353150262935431 59064.09925382932
1.7475185805472198 0.3793103448275862 2.60854155049887 82.87351954095597 13.155414172120137 44697.98724877424
1.8056810130136876 0.4181067678754467 2.6671544124233444 79.10856221829094 12.934244430225785 41608.88257715833
1.8230405828622283 0.38263450297689067 2.658844621354187 77.32363798853216 12.772079556357918 39032.68541163161
1.5301782725313935 0.26747642694695956 2.735488395968039 60.93837305721596 13.71424552175207 66500.67755474933
1.6716340798664895 0.29225736095965105 2.857405338493178 58.374412453050354 13.190206139933531 42518.17992155763
2.590829125533812 0.5980335119626216 2.6550819331880033 75.99920585500051 11.593643057277436 37230.397090179904
1.9868845431637503 0.4495347544407442 2.7735146229797674 63.96623699376282 12.224425512809711 43718.29856692614
3.064523104452163 0.628161224129262 2.663868291635791 76.97460278074033 10.269871719545204 27852.377034454243
2.4875881818126486 0.733534241005495 2.6919500472972966 41.59850453734939 8.782050521890826 10042.761937536628
2.190063842499548 0.631745442394089 2.889488638702387 35.53493155757821 9.234868336149985 10030.8869120573
2.200792594186926 0.5970176943948424 2.738506486336122 41.168803369900424 9.471443618774913 10553.798953421852
1.4972074310916976 0.3475481791372334 2.685868620087177 47.93269336138597 11.398476220692908 19116.10874986141
1.4922634864533757 0.33634538152610444 2.7141949760461417 44.04211058576668 11.508363793540358 17727.5838066884
2.1675045456005693 0.5271692704185791 2.6992215165221536 63.81619777454206 11.479211152283549 20988.782138045986
1.8807161219694462 0.4375 2.9501570245237776 51.541175695275776 12.472317789273848 22924.419128419773
2.291383966801418 0.5084337349397591 2.8323269554900663 59.82888172498886 11.033655420585331 22618.293368028768
2.1242381186047803 0.44554455445544555 2.7980374226944975 65.14471924288125 11.506797762473914 25322.029265456673
2.17559273568409 0.6 2.776224516948227 64.75556257580759 11.648549455760929 18791.21061496826
1.676280099709527 0.375 2.651989116998313 41.08740071146828 10.722706411445397 15170.01594426562
1.6369501338719548 0.32471716490597136 2.5598127260509833 74.33486394314447 13.531149023672754 60102.70109625267
1.5976988323114918 0.3156829584132353 2.708543578810657 68.05524835899462 13.60653614452674 40713.69645538891
1.903799702490779 0.3597494767652289 2.7610216003163006 78.9715342683164 12.519769566798944 28303.38631221203
1.807614567159546 0.33791370086219974 2.752164150968442 74.12510289025384 12.829899388282836 39096.72911886321
1.6097690206015731 0.30952380952380953 2.7203249553404136 68.15994884518214 13.580599058167046 58243.15194949382
1.6407055866336953 0.29261976694000863 2.6286443525837724 79.23745319220102 13.401889215067415 63476.46722900605
1.770614169442409 0.4090909090909091 2.797039202256233 75.94126886639025 13.120609545138368 24014.798376997227
1.6671640945916455 0.38231851319437316 2.744055975790736 41.2602899895313 10.891730878206591 16285.574136778652
1.67846035321648 0.43700662531716944 3.0394898130186334 32.92482997655397 10.902243384045553 12500.458615461874
2.079230999402538 0.5191554364328154 2.8215959329361144 64.06859035429603 12.071171272733038 29708.973797102568
1.6784497118940211 0.4637495319624749 2.8725822747110294 36.166063483480976 11.079326918559978 14611.054082001065
1.8359012694011605 0.41703093011674874 3.124594446807709 34.82864120536086 10.30706434785616 10904.628784728777
1.6332814423650945 0.5381470281620371 2.980712626501849 43.888415519864836 11.170982343823889 14142.028445947715
1.6939623345710448 0.40480961923847697 2.911848008721691 42.49605373279643 10.845657375756337 13751.276964354032
1.49925930917084 0.5352124025011281 2.9402388703375224 41.21617003652547 11.777319232905077 16243.96499731903
1.7657941283267404 0.375 3.118349791242124 64.25254983363746 13.037391150920246 19169.19683575089
1.6579291203787392 0.39235243099841843 2.9726350259062384 39.040382294661256 10.972455570590505 13066.782548537225
1.7059543965628858 0.3779382492575868 2.8244399030638596 40.476127119065254 10.700746858080908 14486.378673472314
2.226441425096085 0.5 2.9316281047806907 69.28530292548078 11.455112609311445 27419.38729841375
2.208360186474596 0.625 2.9861304626856664 74.79501624764673 11.556203022557689 14088.112373652664
1.659731006123381 0.5078917120669838 2.5501282107966943 31.526672785410067 8.397080069046416 6148.819184877791
1.7390084744638523 0.5390625 2.8223589332218992 37.82599848846017 10.792453120906957 16350.429887895543
1.6057554049458669 0.4478148988136776 3.010879138676045 37.60832717131162 11.133508785431891 13656.88699276639
1.4886249985953843 0.352073922575519 2.72849209042816 45.43089555365084 11.377846300070361 19151.576309733275
1.5028665174885996 0.39015151515151514 2.7868894418680785 41.28451457316855 11.487638484118634 19750.43261864369
1.5093329642790394 0.32831325301204817 2.6983178462316326 47.56342100594145 11.366597480490867 18561.759937968498
1.5534537809479696 0.38462695170547107 2.8274199377241946 45.062113281191195 11.260893726356016 15983.558332154142
1.7312676895642034 0.539413202098392 2.8962744971944385 44.22747566790168 10.703494595517208 13271.215613937886
2.0827342093732626 0.6319235100333629 3.1129451371233374 73.26986109237887 12.185394686614881 11874.221129721413
2.431623086531463 0.6521468687996876 3.238386741047295 59.778749730704796 11.331007124394077 14254.912080679202
2.1272416312796527 0.5062782215386021 3.349854504554333 51.45698625042263 11.981114942973253 14677.958660194881
1.590357293145367 0.6993946034020199 2.5835630961918925 15.273064412260606 6.6388431536255625 4637.441209890219
2.0311251366097407 0.5525926382637647 2.980258526069514 36.39744423995566 9.914398310937603 10446.601277676082
2.0735656945594845 0.412847914679615 2.9023411672778727 62.127432893982444 11.812916971813216 19614.152456127485
2.0269927068201907 0.44375 2.7900335738950726 71.92541340130472 12.070007028204087 33389.56678181917
1.7495458727657678 0.47010474043208994 3.3540834834713413 52.11708424973497 13.358789077093245 16890.824610787757
1.7766294990701534 0.3957706595392703 3.371651500813876 52.54259556847626 13.1419548548851 17644.12541242225
1.8498923699706151 0.6318953473603997 3.6726853962785517 43.54383657926631 13.323818952642931 15003.842553502554
1.5254556120274423 0.4666560686749861 3.406246492657751 50.30596697163778 14.379559494019793 29275.26092625077
2.062348683534355 0.625 2.776056519870809 35.176102715808106 9.567036167835713 11821.10408542951
2.0292789781865515 0.48692476110576827 2.909762450404545 41.59663720601916 9.733433987870825 10662.967713211498
1.8701533996187738 0.4492216846075851 2.7641984165739637 45.89494852739518 10.038795982178051 13200.443409402327
